Search: 1

first config:
1 2 3 4
5 6 8 12
13 9 0 7
14 11 10 15

final config:
1 2 3 4
5 6 7 8
9 10 11 12
13 14 15 0
%%%%%%%%%%%%%%%%%%%%%depth=12

-->other configs:

1st:
1 2 3 4
5 0 7 8
9 6 10 12
13 14 11 15

final:
1 2 3 4
5 6 7 8
9 10 11 12
13 14 15 0
%%%%%%%%%%%%%%%%%%%%%depth=4

1st:
9 12 0 7
14 5 13 2
6 1 4 8
10 15 3 11

final:
9 5 12 7
14 13 0 8
1 3 2 4
6 10 15 11
%%%%%%%%%%%%%%%%%%%%%depth=13

1st:
6 12 0 9
14 2 5 11
7 8 4 13
3 10 1 15

final:
14 6 12 9
7 2 5 11
8 4 13 15
3 10 1 0
%%%%%%%%%%%%%%%%%%%%%depth=8
